FiniteElementSpace
FiniteElementCollection: H1_2D_P5
VDim: 2
Ordering: 0

3.0891092e-11
-1.5616159e-09
4.6993495e-11
2.1289757e-11
5.7915536e-10
1.0121175e-09
5.7915526e-10
9.2525113e-10
4.6993588e-11
1.0121174e-09
2.1290077e-11
-7.4126575e-10
-1.9075222e-09
-2.4810484e-10
-6.4979097e-11
6.0522993e-10
5.9918839e-10
4.367821e-10
8.1936352e-10
8.1936387e-10
4.3678216e-10
5.9918822e-10
6.0522975e-10
-6.4978979e-11
-2.4810458e-10
-1.9075221e-09
-8.3507653e-10
3.7710508e-10
7.2875375e-10
3.7710477e-10
-8.3507643e-10
-4.6232052e-11
-2.1591641e-10
-4.3627393e-10
-6.3795884e-10
-7.8224266e-10
-8.5347e-10
-9.0260702e-10
-8.76712e-10
-1.3640107e-10
-2.9684306e-10
-5.1293039e-10
-7.2213917e-10
3.8711251e-12
-4.3176129e-11
-7.4529098e-11
-7.4276677e-11
-8.3632122e-13
1.1688291e-10
2.415413e-10
3.3578607e-10
4.1536748e-10
3.7946061e-10
3.595432e-10
3.6637049e-10
8.3570566e-11
1.8603991e-10
3.0229945e-10
3.9458731e-10
4.7130231e-10
5.4200776e-10
6.2768224e-10
6.9743156e-10
4.7130234e-10
5.4200776e-10
6.2768224e-10
6.9743156e-10
8.3570577e-11
1.8603994e-10
3.0229949e-10
3.9458736e-10
4.1536756e-10
3.7946071e-10
3.5954322e-10
3.6637032e-10
-8.3624454e-13
1.1688291e-10
2.4154119e-10
3.3578583e-10
3.8711422e-12
-4.3176079e-11
-7.4529011e-11
-7.4276567e-11
-1.3640096e-10
-2.9684297e-10
-5.129303e-10
-7.2213907e-10
-7.8224264e-10
-8.5346997e-10
-9.0260696e-10
-8.7671192e-10
-1.4989583e-09
-1.359046e-09
-1.0919759e-09
-8.59719e-10
-1.7271094e-09
-2.2110965e-09
-2.5945295e-09
-2.2321652e-09
-1.8060962e-09
-1.5773527e-09
-1.2410892e-09
-9.6367955e-10
-1.7616182e-10
-5.4393754e-10
-1.0101629e-09
-1.5940804e-09
5.1112565e-12
-5.9910566e-11
-1.5589965e-10
-2.2740613e-10
-3.0500012e-10
-4.5055502e-10
-6.4783359e-10
-7.8836375e-10
-6.8170448e-11
-1.9980693e-10
-2.7228044e-10
-2.6993233e-10
2.8817769e-11
-7.0154095e-12
-4.5823002e-11
-6.1707271e-11
1.6412977e-10
3.2345948e-10
4.6299189e-10
5.6269323e-10
5.6044458e-10
4.7855039e-10
4.1085567e-10
3.8281735e-10
9.1609498e-10
7.9369303e-10
6.9764843e-10
6.3312664e-10
8.8587101e-10
7.5066529e-10
6.5538979e-10
6.1046131e-10
5.7435552e-10
5.2372438e-10
4.6466734e-10
4.0867417e-10
5.5024253e-10
5.2399912e-10
5.3662914e-10
5.7511166e-10
5.8096372e-10
5.6326957e-10
5.1913535e-10
4.6756489e-10
5.9710034e-10
6.4730673e-10
7.188995e-10
7.8595606e-10
8.1460075e-10
8.0277417e-10
7.7785175e-10
7.4754207e-10
9.0885749e-10
8.8475903e-10
8.576453e-10
8.3368931e-10
9.0885764e-10
8.8475931e-10
8.5764566e-10
8.3368969e-10
8.1460104e-10
8.0277435e-10
7.7785182e-10
7.4754209e-10
5.9710023e-10
6.4730664e-10
7.1889953e-10
7.8595627e-10
5.8096362e-10
5.6326951e-10
5.1913536e-10
4.6756493e-10
5.5024249e-10
5.239991e-10
5.3662907e-10
5.7511153e-10
5.7435532e-10
5.2372413e-10
4.6466705e-10
4.0867386e-10
8.8587086e-10
7.5066511e-10
6.553896e-10
6.1046113e-10
9.1609483e-10
7.9369286e-10
6.9764825e-10
6.3312645e-10
5.6044431e-10
4.7854998e-10
4.1085523e-10
3.8281698e-10
1.6412981e-10
3.2345944e-10
4.6299177e-10
5.6269306e-10
2.8817859e-11
-7.0153202e-12
-4.5822902e-11
-6.170716e-11
-6.8170308e-11
-1.9980674e-10
-2.7228021e-10
-2.6993208e-10
-3.0499989e-10
-4.5055484e-10
-6.4783346e-10
-7.8836365e-10
5.111569e-12
-5.991027e-11
-1.5589938e-10
-2.2740587e-10
-1.7616155e-10
-5.4393732e-10
-1.0101628e-09
-1.5940803e-09
-1.8060961e-09
-1.5773526e-09
-1.2410891e-09
-9.6367945e-10
-1.7271094e-09
-2.2110965e-09
-2.5945294e-09
-2.2321651e-09
-7.3464718e-11
-2.4398068e-10
-4.6711969e-10
-6.7352163e-10
-1.2049986e-10
-2.9187783e-10
-5.2043476e-10
-7.3762094e-10
-1.4991936e-10
-3.1893032e-10
-5.5016192e-10
-7.7704697e-10
-1.4630707e-10
-3.1019709e-10
-5.3450941e-10
-7.5497835e-10
5.9063946e-11
1.7155164e-11
-9.1417176e-12
-7.3071049e-12
1.6623734e-10
1.3199703e-10
1.1117509e-10
1.1207571e-10
2.8551418e-10
2.5435894e-10
2.3394778e-10
2.3548015e-10
3.7674978e-10
3.4248494e-10
3.2203112e-10
3.2664101e-10
1.342954e-10
2.3229105e-10
3.4364877e-10
4.3181507e-10
2.3229107e-10
3.2221098e-10
4.2505012e-10
5.0632821e-10
3.436488e-10
4.2505014e-10
5.2004816e-10
5.9516122e-10
4.318151e-10
5.0632822e-10
5.9516122e-10
6.6654816e-10
5.9063974e-11
1.6623738e-10
2.8551424e-10
3.7674986e-10
1.7155222e-11
1.319971e-10
2.5435902e-10
3.4248504e-10
-9.141641e-12
1.1117515e-10
2.3394783e-10
3.2203115e-10
-7.3070266e-12
1.1207574e-10
2.3548011e-10
3.2664089e-10
-7.3464702e-11
-1.2049982e-10
-1.4991928e-10
-1.4630697e-10
-2.4398066e-10
-2.9187778e-10
-3.1893025e-10
-3.1019699e-10
-4.6711968e-10
-5.2043472e-10
-5.5016185e-10
-5.3450932e-10
-6.7352162e-10
-7.3762091e-10
-7.7704691e-10
-7.5497827e-10
-8.9659223e-10
-1.138065e-09
-1.4083076e-09
-1.6107946e-09
-9.78077e-10
-1.2575449e-09
-1.6405003e-09
-2.0299745e-09
-1.0415089e-09
-1.368478e-09
-1.8572132e-09
-2.3493996e-09
-1.0123283e-09
-1.3228637e-09
-1.7375577e-09
-2.0803847e-09
-9.0034672e-10
-1.1349569e-09
-1.382652e-09
-1.5280428e-09
-7.2391856e-10
-8.6204219e-10
-9.6585394e-10
-9.9905972e-10
-4.8392618e-10
-5.2799059e-10
-5.3931e-10
-5.397245e-10
-3.020645e-10
-2.7449808e-10
-2.2253873e-10
-1.87837e-10
-1.3074445e-10
-2.8286975e-10
-4.8817034e-10
-6.8362039e-10
-1.0658197e-10
-2.4096826e-10
-4.1550604e-10
-5.7157269e-10
-6.1771042e-11
-1.7870645e-10
-3.1629961e-10
-4.1208194e-10
-3.7622622e-11
-1.6761475e-10
-2.677277e-10
-3.0272509e-10
2.1476131e-12
1.7718628e-11
5.5224432e-11
1.0784667e-10
1.20268e-10
1.3809371e-10
1.8491502e-10
2.6612443e-10
2.4734089e-10
2.699072e-10
3.3083578e-10
4.1429327e-10
3.4209393e-10
3.6877464e-10
4.3400854e-10
5.1662848e-10
4.1622921e-10
4.4761561e-10
5.1680459e-10
5.9624257e-10
4.7605527e-10
5.1255803e-10
5.8322948e-10
6.5947917e-10
5.3915202e-10
5.7899865e-10
6.5228728e-10
7.4183777e-10
5.8964917e-10
6.3011879e-10
7.1482443e-10
8.2741921e-10
4.4632323e-10
4.1036432e-10
3.9124458e-10
3.9894145e-10
4.9765284e-10
4.6118211e-10
4.434149e-10
4.533419e-10
5.3956833e-10
5.0083072e-10
4.8857906e-10
5.0765878e-10
5.5315213e-10
5.1799456e-10
5.2037591e-10
5.5224147e-10
5.0149769e-10
5.5118523e-10
5.9232509e-10
6.056146e-10
5.7022321e-10
6.1600515e-10
6.5164461e-10
6.5765218e-10
6.5270921e-10
6.9266569e-10
7.2267853e-10
7.2726547e-10
7.1880888e-10
7.5268047e-10
7.791662e-10
7.8838715e-10
7.667493e-10
7.9571826e-10
8.1899778e-10
8.300201e-10
7.9571832e-10
8.2240037e-10
8.4373844e-10
8.5529409e-10
8.1899795e-10
8.4373856e-10
8.6733942e-10
8.8180535e-10
8.300204e-10
8.5529436e-10
8.8180553e-10
9.0242417e-10
5.0149771e-10
5.7022321e-10
6.5270922e-10
7.188089e-10
5.5118522e-10
6.1600513e-10
6.926657e-10
7.5268053e-10
5.9232502e-10
6.5164456e-10
7.2267856e-10
7.7916633e-10
6.0561448e-10
6.576521e-10
7.2726551e-10
7.8838736e-10
4.463233e-10
4.9765287e-10
5.395683e-10
5.5315208e-10
4.1036441e-10
4.6118217e-10
5.0083073e-10
5.1799455e-10
3.9124459e-10
4.4341489e-10
4.8857902e-10
5.2037585e-10
3.9894128e-10
4.5334172e-10
5.0765861e-10
5.5224132e-10
4.1622885e-10
4.7605493e-10
5.3915175e-10
5.8964896e-10
4.4761518e-10
5.1255767e-10
5.7899836e-10
6.3011857e-10
5.1680421e-10
5.8322915e-10
6.5228701e-10
7.1482422e-10
5.9624231e-10
6.5947893e-10
7.4183756e-10
8.2741902e-10
2.1476827e-12
1.2026798e-10
2.4734074e-10
3.4209363e-10
1.7718681e-11
1.3809365e-10
2.6990697e-10
3.6877426e-10
5.5224479e-11
1.8491495e-10
3.3083555e-10
4.3400819e-10
1.0784671e-10
2.6612436e-10
4.1429309e-10
5.1662824e-10
-1.3074434e-10
-1.0658187e-10
-6.1770942e-11
-3.7622508e-11
-2.8286965e-10
-2.4096815e-10
-1.7870633e-10
-1.6761459e-10
-4.8817023e-10
-4.1550592e-10
-3.1629946e-10
-2.677275e-10
-6.8362028e-10
-5.7157256e-10
-4.1208176e-10
-3.0272487e-10
-9.0034661e-10
-7.2391843e-10
-4.8392599e-10
-3.0206426e-10
-1.1349568e-09
-8.6204204e-10
-5.2799039e-10
-2.7449783e-10
-1.3826519e-09
-9.6585379e-10
-5.3930979e-10
-2.2253847e-10
-1.5280427e-09
-9.9905957e-10
-5.3972429e-10
-1.8783673e-10
-8.9659222e-10
-9.7807697e-10
-1.0415088e-09
-1.0123282e-09
-1.1380649e-09
-1.2575449e-09
-1.3684779e-09
-1.3228637e-09
-1.4083076e-09
-1.6405003e-09
-1.8572132e-09
-1.7375577e-09
-1.6107946e-09
-2.0299745e-09
-2.3493996e-09
-2.0803846e-09
-4.1362687e-17
1.1058533e-16
4.6565178e-10
-3.995308e-10
1.7615373e-10
5.2780234e-10
-1.7615387e-10
-6.315376e-16
-4.6565185e-10
-5.2780242e-10
3.9953124e-10
2.8097912e-17
1.6886947e-10
6.8910091e-10
2.965144e-10
3.8854881e-10
4.2955018e-10
1.542155e-10
4.4927657e-12
-4.4929072e-12
-1.5421565e-10
-4.2955021e-10
-3.8854888e-10
-2.9651447e-10
-6.8910073e-10
-1.6886917e-10
5.0096164e-10
3.4735123e-10
-9.0262656e-17
-3.4735106e-10
-5.0096155e-10
-3.4315687e-17
-1.9592574e-17
-3.5183501e-19
1.8168768e-17
4.8851745e-11
1.5594852e-10
3.0275715e-10
4.3937477e-10
3.1219018e-10
3.5243335e-10
4.1490892e-10
4.7360527e-10
3.6273012e-11
1.1123281e-10
1.9854704e-10
2.6656274e-10
3.0006991e-10
3.0820433e-10
3.2347861e-10
3.3919563e-10
1.8389542e-10
2.3998931e-10
2.9591362e-10
3.3265105e-10
2.0096465e-11
5.8582329e-11
1.0175863e-10
1.3713411e-10
1.3592761e-10
9.6781273e-11
4.9694708e-11
1.4361188e-11
-1.3592778e-10
-9.678146e-11
-4.9694904e-11
-1.4361377e-11
-2.0096559e-11
-5.8582445e-11
-1.0175877e-10
-1.3713427e-10
-1.8389551e-10
-2.3998928e-10
-2.9591349e-10
-3.3265088e-10
-3.0006995e-10
-3.0820431e-10
-3.2347852e-10
-3.3919549e-10
-3.6273091e-11
-1.1123288e-10
-1.9854711e-10
-2.6656281e-10
-3.1219024e-10
-3.5243338e-10
-4.1490889e-10
-4.736052e-10
-4.8851683e-11
-1.5594845e-10
-3.0275707e-10
-4.3937468e-10
1.0317277e-16
8.3909982e-17
5.8834141e-17
3.7952482e-17
2.8558786e-10
6.0853877e-10
5.9012954e-10
3.003116e-10
4.0725607e-10
5.8420661e-10
5.7324984e-10
5.2928561e-10
-3.3308005e-10
-1.9992086e-10
-8.6475501e-11
6.0513075e-11
-2.0201554e-10
1.5997695e-10
4.8557584e-10
6.4793894e-10
7.0080625e-10
6.9776404e-10
6.4669291e-10
5.5944063e-10
5.2346614e-10
6.2245555e-10
6.9533617e-10
7.0903445e-10
4.4258704e-10
4.2311441e-10
3.7768595e-10
3.2705219e-10
4.3147691e-10
4.0981298e-10
3.9482373e-10
3.8985413e-10
3.9568846e-10
3.9913985e-10
3.8650357e-10
3.6267581e-10
4.5203097e-10
4.0178698e-10
3.8444194e-10
3.8733901e-10
5.4203629e-10
5.24276e-10
4.9034522e-10
4.4873205e-10
4.1353505e-10
3.8830341e-10
3.6735394e-10
3.5369391e-10
2.1071573e-10
2.8147075e-10
3.5906763e-10
4.1094686e-10
1.957028e-10
2.0357896e-10
1.899953e-10
1.6781907e-10
1.371875e-10
7.9730363e-11
3.2426111e-11
8.8435112e-12
6.8762818e-12
1.619891e-11
1.8573779e-11
8.9468493e-12
1.5315991e-12
2.879391e-12
5.2718528e-12
5.6060568e-12
-1.5326122e-12
-2.880068e-12
-5.2722729e-12
-5.606289e-12
-6.8763832e-12
-1.6198977e-11
-1.8573854e-11
-8.9469852e-12
-1.3718763e-10
-7.9730449e-11
-3.242616e-11
-8.8435874e-12
-1.9570293e-10
-2.0357909e-10
-1.8999544e-10
-1.6781923e-10
-2.1071585e-10
-2.8147081e-10
-3.5906765e-10
-4.1094687e-10
-4.1353505e-10
-3.8830337e-10
-3.6735385e-10
-3.5369378e-10
-5.4203638e-10
-5.2427608e-10
-4.9034528e-10
-4.4873209e-10
-4.5203104e-10
-4.0178704e-10
-3.84442e-10
-3.8733908e-10
-3.9568853e-10
-3.9913991e-10
-3.8650356e-10
-3.6267569e-10
-4.31477e-10
-4.0981308e-10
-3.9482382e-10
-3.8985421e-10
-4.4258712e-10
-4.2311449e-10
-3.7768603e-10
-3.2705227e-10
-5.2346617e-10
-6.2245552e-10
-6.9533608e-10
-7.090343e-10
-7.0080609e-10
-6.977639e-10
-6.466928e-10
-5.5944053e-10
2.0201593e-10
-1.5997663e-10
-4.8557559e-10
-6.4793874e-10
3.3308047e-10
1.9992124e-10
8.6475842e-11
-6.051276e-11
-4.0725579e-10
-5.8420638e-10
-5.7324967e-10
-5.2928549e-10
-2.8558763e-10
-6.0853853e-10
-5.9012928e-10
-3.0031131e-10
3.7779826e-11
4.0345051e-11
4.3985393e-11
4.7237856e-11
1.1529722e-10
1.2447144e-10
1.3817014e-10
1.5072869e-10
2.0623502e-10
2.2640074e-10
2.5884053e-10
2.8891095e-10
2.7846784e-10
3.1183925e-10
3.6432602e-10
4.1443129e-10
5.5386349e-11
1.2828893e-10
2.112749e-10
2.733866e-10
9.213794e-11
1.6030534e-10
2.3418429e-10
2.8608951e-10
1.3375102e-10
1.9681703e-10
2.6118486e-10
3.0486557e-10
1.6815596e-10
2.2666606e-10
2.8478553e-10
3.2328298e-10
-5.2941009e-17
3.8565866e-11
8.2551671e-11
1.1900685e-10
-3.8565994e-11
-7.5343368e-17
4.4896926e-11
8.1221204e-11
-8.2551822e-11
-4.4897098e-11
-9.4601152e-17
3.5236309e-11
-1.1900702e-10
-8.1221388e-11
-3.5236505e-11
-9.6781077e-17
-5.538643e-11
-9.2138027e-11
-1.3375111e-10
-1.6815604e-10
-1.2828898e-10
-1.6030537e-10
-1.9681703e-10
-2.2666604e-10
-2.1127494e-10
-2.3418427e-10
-2.6118479e-10
-2.8478543e-10
-2.7338663e-10
-2.8608949e-10
-3.0486549e-10
-3.2328284e-10
-3.777989e-11
-1.1529728e-10
-2.0623507e-10
-2.7846789e-10
-4.0345086e-11
-1.2447147e-10
-2.2640076e-10
-3.1183928e-10
-4.3985389e-11
-1.3817013e-10
-2.5884051e-10
-3.64326e-10
-4.7237814e-11
-1.5072864e-10
-2.889109e-10
-4.1443122e-10
5.0432727e-11
4.5516329e-11
4.0672513e-11
9.7793568e-11
1.5680975e-10
1.5899182e-10
1.7732586e-10
3.6062596e-10
3.1624211e-10
3.4545518e-10
4.2234273e-10
5.4634139e-10
4.6171477e-10
5.1224495e-10
5.6498553e-10
4.9608413e-10
5.8495704e-10
6.1652861e-10
5.6721758e-10
3.1325364e-10
6.6074333e-10
6.4050745e-10
4.6922773e-10
1.3479503e-10
6.8690713e-10
5.9437617e-10
3.2712535e-10
-1.927869e-11
6.6837451e-10
5.2716274e-10
2.1726426e-10
-1.3586059e-10
3.4409078e-10
3.9107239e-10
4.6339997e-10
5.2850719e-10
4.0087996e-10
4.6204003e-10
5.5147555e-10
6.2185064e-10
4.4967834e-10
5.3208633e-10
6.3462604e-10
6.8922421e-10
4.880742e-10
5.9284062e-10
6.8158214e-10
7.1139529e-10
3.2616051e-10
3.7267347e-10
4.0924087e-10
4.2845437e-10
3.3016086e-10
3.6804018e-10
3.9961345e-10
4.1296948e-10
3.4197474e-10
3.7389301e-10
3.9752221e-10
4.0014791e-10
3.5584747e-10
3.8240299e-10
3.9791393e-10
3.9585068e-10
3.678304e-10
3.899998e-10
3.9973919e-10
3.931689e-10
3.8067008e-10
4.0049515e-10
4.0494391e-10
3.9242617e-10
4.0374901e-10
4.2713913e-10
4.3162258e-10
4.1374285e-10
4.3398189e-10
4.6607642e-10
4.8614261e-10
4.7522525e-10
1.9645785e-10
2.5121009e-10
3.0531559e-10
3.40087e-10
2.1743813e-10
2.7021354e-10
3.2154377e-10
3.5408551e-10
2.3137938e-10
2.8447875e-10
3.3712399e-10
3.7291608e-10
2.2539462e-10
2.8515795e-10
3.5017328e-10
3.9491686e-10
1.4894107e-10
1.6868741e-10
1.7768416e-10
1.6107312e-10
1.0838755e-10
1.2362807e-10
1.2339996e-10
1.0011085e-10
5.9811541e-11
7.0607719e-11
6.5935038e-11
4.6906234e-11
2.3403843e-11
3.2651199e-11
2.9177599e-11
1.619708e-11
-5.2930085e-17
9.4972594e-12
8.6197157e-12
4.9575583e-12
-9.4973297e-12
-4.1922086e-17
2.6845101e-12
4.5894337e-12
-8.6197979e-12
-2.6846738e-12
-1.6836086e-16
2.6140569e-12
-4.9577119e-12
-4.5897493e-12
-2.614603e-12
-4.0676786e-16
-1.4894123e-10
-1.0838772e-10
-5.9811706e-11
-2.340399e-11
-1.6868755e-10
-1.2362821e-10
-7.0607834e-11
-3.2651287e-11
-1.7768428e-10
-1.2340008e-10
-6.5935128e-11
-2.9177669e-11
-1.6107324e-10
-1.0011096e-10
-4.6906312e-11
-1.6197163e-11
-1.9645794e-10
-2.1743823e-10
-2.3137947e-10
-2.2539471e-10
-2.5121008e-10
-2.7021354e-10
-2.8447878e-10
-2.8515799e-10
-3.0531549e-10
-3.2154371e-10
-3.3712396e-10
-3.5017329e-10
-3.4008687e-10
-3.5408542e-10
-3.7291604e-10
-3.9491686e-10
-3.6783031e-10
-3.8067003e-10
-4.0374899e-10
-4.3398191e-10
-3.899998e-10
-4.0049517e-10
-4.2713915e-10
-4.6607646e-10
-3.9973925e-10
-4.0494398e-10
-4.3162264e-10
-4.8614268e-10
-3.9316898e-10
-3.9242624e-10
-4.1374292e-10
-4.7522532e-10
-3.2616056e-10
-3.3016087e-10
-3.419747e-10
-3.5584738e-10
-3.7267354e-10
-3.6804024e-10
-3.7389304e-10
-3.8240299e-10
-4.0924096e-10
-3.9961354e-10
-3.9752229e-10
-3.97914e-10
-4.2845446e-10
-4.1296957e-10
-4.00148e-10
-3.9585075e-10
-3.4409084e-10
-4.0088003e-10
-4.4967841e-10
-4.8807425e-10
-3.9107242e-10
-4.6204006e-10
-5.3208634e-10
-5.928406e-10
-4.6339995e-10
-5.5147551e-10
-6.3462598e-10
-6.8158206e-10
-5.2850711e-10
-6.2185055e-10
-6.8922409e-10
-7.1139516e-10
-5.8495691e-10
-6.6074319e-10
-6.8690697e-10
-6.6837432e-10
-6.1652843e-10
-6.4050726e-10
-5.9437595e-10
-5.271625e-10
-5.6721734e-10
-4.6922747e-10
-3.2712507e-10
-2.1726396e-10
-3.1325335e-10
-1.3479472e-10
1.9279036e-11
1.3586096e-10
-5.0432645e-11
-1.5680965e-10
-3.16242e-10
-4.6171466e-10
-4.5516205e-11
-1.5899168e-10
-3.4545503e-10
-5.1224478e-10
-4.067234e-11
-1.7732568e-10
-4.2234253e-10
-5.6498531e-10
-9.7793357e-11
-3.6062574e-10
-5.4634115e-10
-4.9608387e-10
